Scene
0 0 0 0 38.2032 23.7743 108.45 0.00913081 88.6953 0 90
Human
0 0.3 0 0 0 135 0 0 -135 0 0 170 0 0 -170 0 0 0 180 0 0 0 0 0 0 0 90 90 0 0 0 0 
Human
-5.9 0.2 0 0 0 161 0 0 -165 0 0 170 0 0 -170 0 0 0 180 0 0 0 0 0 0 0 90 90 0 0 0 0 

Scene
50 0 0 0 22.7147 22.6733 68.395 -0.0182616 88.1782 0 90
Human
0 0.3 0 0 0 135 0 0 -135 0 0 170 0 0 -170 0 0 0 180 0 0 0 0 0 0 0 90 90 0 0 0 0 
Human
-3.4 0.2 0 0 -2 161 0 0 -165 0 0 170 0 -52 -170 0 10 0 180 0 0 0 0 0 0 0 90 90 0 0 52 0 

Scene
50 0 0 0 -8.34223 20.2977 22.8646 0.0182616 87.6418 0 90
Human
0 0.3 0 0 0 135 0 0 -135 0 0 170 0 0 -170 0 0 0 180 0 0 0 0 0 0 0 90 90 0 0 0 0 
Human
-0.9 0.2 0 0 -2 161 0 0 -187 0 0 170 0 0 -170 0 -62 0 180 0 0 0 0 0 0 0 90 90 0 0 12 50 

Scene
50 0 0 0 22.7147 22.6733 68.395 -0.0182616 88.1782 0 90
Human
0 0.3 0 0 0 135 0 0 -135 0 0 170 0 0 -170 0 0 0 180 0 0 0 0 0 0 0 90 90 0 0 0 0 
Human
2.4 0.2 0 0 -2 161 0 0 -165 0 0 170 0 -52 -170 0 10 0 180 0 0 0 0 0 0 0 90 90 0 0 52 0 

Scene
50 0 0 0 0 0 0 -0.0182616 88.1782 0 90
Human
0 0.3 0 0 0 135 0 0 -135 0 0 170 0 0 -170 0 0 0 180 0 0 0 0 0 0 0 90 90 0 0 0 0 
Human
4.9 0.2 0 0 -2 161 0 0 -187 0 0 170 0 0 -170 0 -62 0 180 0 0 0 0 0 0 0 90 90 0 0 12 50 

Scene
50 0 0 0 -58.1121 37.6804 -38.2818 0.301317 91.498 -54 90
Human
0 0.3 0 -130 -80 85 0 0 -145 4 -42 170 0 -2 -170 0 0 0 180 0 0 0 0 0 0 0 90 90 0 0 0 0 
Human
5.3 0.2 4.3 -28 -6 161 -4 0 -169 0 14 170 0 -54 -170 0 -8 0 180 0 0 -70 0 0 0 0 90 90 0 0 54 16 

Scene
50 0 0 0 -12.9145 15.2611 -45.4628 0.301317 91.498 -90 90
Human
0 0.3 0.2 -106 -82 91 -4 30 -147 4 -42 170 0 -2 -170 0 2 0 180 0 0 -180 0 0 0 0 92 90 4 -8 0 2 
Human
5.3 0.2 9.6 -28 -6 161 -4 0 -169 0 14 170 0 -54 -170 0 -8 0 180 6 0 -70 -6 0 0 -32 90 90 0 0 54 16 

Scene
50 0 0 0 6.29413 4.41131 -10.7711 0.301317 91.498 -90 90
Human
0 0.3 0 -130 -80 85 0 0 -145 4 -42 170 0 -2 -170 0 0 0 180 0 0 -358 0 0 0 0 92 90 4 -8 0 2 
Human
5.3 0.2 9.6 -22 -6 151 -4 0 -169 0 14 170 0 -54 -170 0 -8 0 180 6 0 -70 -6 0 0 -32 90 90 0 0 54 16 

Scene
50 0 0 0 6.29413 4.41131 -10.7711 0.301317 91.498 -90 90
Human
0 0.3 0.2 -106 -82 91 -4 30 -147 4 -42 170 0 -2 -170 0 2 0 180 0 0 -540 0 0 0 0 92 90 4 -8 0 2 
Human
5.3 0.2 9.6 -28 -6 161 -4 0 -169 0 14 170 0 -54 -170 0 -8 0 180 6 0 -70 -6 0 0 -32 90 90 0 0 54 16 

Scene
50 0 0 0 6.29413 4.41131 -10.7711 0.301317 91.498 -90 90
Human
0 0.3 0 -130 -80 85 0 0 -145 4 -42 170 0 -2 -170 0 0 0 180 0 0 -720 0 0 0 0 92 90 4 -8 0 2 
Human
5.3 0.2 9.6 -22 -6 151 -4 0 -169 0 14 170 0 -54 -170 0 -8 0 180 6 0 -70 -6 0 0 -32 90 90 0 0 54 16 

Scene
50 0 0 0 6.29413 4.41131 -10.7711 0.301317 91.498 -90 90
Human
0 0.3 0.2 -106 -82 93 -4 30 -147 4 -42 170 0 -2 -170 0 2 0 180 0 0 -900 0 0 0 0 92 90 4 -8 0 2 
Human
5.3 0.2 9.6 -22 -6 151 -4 0 -169 0 14 170 0 -54 -170 0 -8 0 180 6 0 -70 -6 0 0 -32 90 90 0 0 54 16 

Scene
50 0 0 0 6.29413 4.41131 -10.7711 0.301317 91.498 -90 90
Human
0 0.3 0 -130 -80 85 0 0 -145 4 -42 170 0 -2 -170 0 0 0 180 0 0 -1080 0 0 0 0 92 90 4 -8 0 2 
Human
5.3 0.2 9.6 -28 -6 161 -4 0 -169 0 14 170 0 -54 -170 0 -8 0 180 6 0 -70 -6 0 0 -32 90 90 0 0 54 16 

Scene
50 0 0 0 6.29413 4.41131 -10.7711 0.301317 91.498 -90 90
Human
0 0.3 0.2 -106 -82 93 -4 30 -147 4 -42 170 0 -2 -170 0 2 0 180 0 0 -1260 0 0 0 0 92 90 4 -8 0 2 
Human
5.3 0.2 9.6 -22 -6 151 -4 0 -169 0 14 170 0 -54 -170 0 -8 0 180 6 0 -70 -6 0 0 -32 90 90 0 0 54 16 

