Scene
0 0 0 0 109.598 94.5625 118.626 0.529587 88.7823 0 0
Human
0 0 0 0 0 135 0 0 -135 0 0 170 0 0 -170 0 0 0 180 0 0 0 0 0 0 0 90 90 0 0 0 0 
Human
0 0.2 0 0 0 169 0 0 -161 0 0 170 0 8 -176 0 4 0 180 0 0 0 0 0 0 0 90 90 0 0 0 0 
Scene
20 0 0 0 63.1369 65.8552 79.9359 0.319578 88.5068 0 0
Human
0 0 0 0 0 135 0 0 -135 0 0 170 0 0 -170 0 0 0 180 0 0 0 0 0 0 0 90 90 0 0 0 0 
Human
0.4 0.2 1 -50 0 165 0 -50 -159 0 0 170 0 8 -176 0 4 0 180 0 0 0 0 0 0 0 90 90 0 0 0 0 
Scene
40 0 0 0 -23.3038 44.9615 74.1395 0.401756 89.0287 0 95
Human
0 0 0 0 0 135 0 0 -135 0 0 170 0 0 -170 0 0 0 180 0 0 0 0 0 0 0 90 90 0 0 0 0 
Human
2.5 0.2 1 -10 0 165 0 -8 -159 0 0 170 0 -64 -176 0 34 0 180 0 0 0 0 0 0 0 90 90 0 0 74 0 
Scene
40 0 0 0 -79.0825 29.8574 29.3641 0.210009 90.4397 -36 95
Human
0 0 0 0 0 135 0 0 -135 0 0 170 0 0 -170 0 0 0 180 0 0 0 0 0 0 0 90 90 0 0 0 0 
Human
4.1 0.2 1 -10 0 165 0 -8 -159 0 0 174 0 -6 -176 0 -72 0 180 0 0 -50 0 0 0 -2 90 90 0 0 16 62 
Scene
40 0 0 0 -74.6428 24.4625 -34.2312 0.146093 91.4304 -52 95
Human
0 0 0 0 0 135 0 0 -135 0 0 170 0 0 -170 0 0 0 180 0 0 0 0 0 0 0 90 90 0 0 0 0 
Human
4.7 0.3 7 -10 0 165 0 -8 -159 0 0 176 0 -66 -176 0 -4 0 180 0 0 -50 0 0 0 -2 90 90 -10 0 60 18 
Scene
40 0 0 0 -32.5656 14.6288 -36.1898 0.0821773 91.6865 -90 95
Human
0 0 0 0 0 135 0 0 -135 0 0 170 0 0 -170 0 0 0 180 0 0 0 0 0 0 0 90 90 0 0 0 0 
Human
5.6 0.3 10.1 -8 -2 167 0 -8 -159 0 0 176 0 2 -176 0 0 0 180 4 0 -50 4 0 0 -26 90 90 -10 0 22 14 
Scene
40 0 0 0 5.59561 6.06424 -12.0029 0.401756 91.6865 -90 95
Human
0 0 0 -50 -54 161 0 0 -163 0 0 170 0 0 -170 0 0 0 180 0 0 -102 0 0 0 0 90 90 0 0 0 0 
Human
5.6 0.3 10.1 -8 -2 167 0 -8 -159 0 0 176 0 2 -176 0 0 0 180 4 0 -50 4 0 0 -26 90 90 -10 0 22 14 
Scene
25 0 0 0 5.59561 6.06424 -12.0029 0.401756 91.6865 -90 95
Human
0 0 1.49012e-09 -50 -54 161 0 0 -163 0 0 170 0 0 -170 0 0 0 180 0 0 -236 0 0 0 0 90 90 0 0 0 0 
Human
5.6 0.3 10.1 -8 -2 167 0 -8 -159 0 0 176 0 2 -176 0 0 0 180 4 0 -50 4 0 0 -26 90 90 -10 0 22 14 
Scene
25 0 0 0 5.59561 6.06424 -12.0029 0.401756 91.6865 -90 95
Human
0 0 1.49012e-09 -50 -54 161 0 0 -163 0 0 170 0 0 -170 0 0 0 180 0 0 -372 0 0 0 0 90 90 0 0 0 0 
Human
5.6 0.3 10.1 -8 -2 167 0 -8 -159 0 0 176 0 2 -176 0 0 0 180 4 0 -50 4 0 0 -26 90 90 -10 0 22 14 
